20
9 0
10 4
16 1
3 16
8 14
19 1
7 15
17 2
8 5
3 6
12 1
9 0
2 2
17 19
18 15
4 13
0 8
18 7
0 0
13 3
8 12
12 5
16 3
17 6
14 9
13 19
2 3
5 6
16 7
6 4
17 14
19 3
3 10
18 15
18 2
16 0
19 1
7 0
8 3
14 9
14 3
16 19
14 2
8 6
19 8
12 11
7 18
5 17
1 4
6 5
19 2
10 5
7 18
10 17
5 11
15 2
3 8
1 17
15 6
14 15
17 16
2 3
4 3
16 0
1 16
5 15
12 16
3 10
17 11
5 4
6 7
5 4
18 0
12 6
15 13
10 12
4 13
10 12
4 1
11 7
16 0
12 16
19 13
6 0
16 7
6 17
4 8
19 3
7 0
16 11
11 18
10 15
3 7
0 6
9 18
1 12
17 16
12 15
3 5
9 0
3 15
3 7
10 4
5 13
1 1
5 7
9 15
13 6
8 14
9 15
11 17
19 14
1 12
14 16
17 12
5 0
2 15
17 19
1 0
0 13
8 12
16 7
9 13
2 0
17 12
10 15
14 14
0 10
7 15
1 14
12 4
9 8
10 9
0 5
13 0
6 14
1 1
12 12
2 1
2 0
18 4
5 0
15 4
16 15
18 13
14 7
10 14
10 7
9 3
7 16
16 12
2 4
15 18
11 15
10 2
8 15
15 7
17 2
14 8
6 18
11 7
10 6
8 11
8 6
13 15
11 2
5 1
6 7
10 16
10 15
18 10
0 6
1 18
2 6
6 1
9 19
13 3
3 8
19 5
9 15
17 6
11 10
1 2
11 1
17 5
6 1
7 10
18 16
15 15
15 15
4 3
9 13
16 2
5 1
11 19
18 4
8 7
6 10
12 15
18 15
